8911817301
8911014019
7138906088
8121838837
8640856657
7436436217
8464703397
8649976950
8875346089
8566847777
8954671943
8870734765
8393303963
8123461282
7666715630
5783244060
7541836957
8594848629
7946079485
628137989
7992133805
5349149970
793294510
8449051986
7982630813
7723204212
7798548179
6273198991
7448455936
180229002
8032308164
6952207881
8308382430
7391456379
8464703397
8852503503
8308382430
7666715630
6452254664
8048545647
7337948939
8667038738
8606471735
1924231397
784481544
5907622429
8835103949
7971613319
8808321753
908281524
7657195372
8492143011
180229002
47766426
6142303608
8969962570
7393678715
8019059409
6051368787
8752762380
7509507131
651411199
1361880530
6044814255
609306985
7448455936
8380941962
7959686954
933701846
629502927
858116110
2036128853
8705587233
8818138002
8966644411
7946079485
7682884133
8866187047
8290877754
531004039
6952207881
8123461282
8211757144
384131018
7349395659
8704924045
5580176618
8842076605
8438788215
5800029993
5349149970
8761899078
6323361411
2014550079
8794057050
8738183724
5847832317
892681281
8421312719
8672255936
7148732294
7992133805
8545491011
445916322
7798548179
793294510
8761232516
8391572158
8552550103
8555434070
8983238312
8382519306
5794280260
8765755783
2046759833
6427835618
8983694969
8087383269
1135611631
8552673386
8391572158
5976882979
7236039855
1353113029
8504219081
8983694969
8685427022
1607025066
8901067993
940675418
